1.0 0.0 0.0 0.0 0.0 1.0 0.0 0.0 0.0 0.0 1.0 0.0
0.9999991375058463 -3.0310641645646996e-06 -0.001313384321554967 0.00304845510981977 3.1486683218868636e-06 0.9999999959862674 8.954077785913592e-05 0.001880306052044034 0.0013133840448795507 -8.954483604234624e-05 0.999999133501661 0.998098611831665
0.9999954400866594 -9.138938894445604e-05 -0.00301851848889512 0.0036215870790174127 9.19461960567704e-05 0.9999999787850121 0.0001843254518731754 0.0037801595919051576 0.0030185015794668736 -0.00018460215265786933 0.999995427274675 1.9778698693653747
0.9999910487377379 -0.000194683905510277 -0.004226646729472026 0.002807959112868404 0.0001957518701816829 0.9999999490225422 0.00025226200290966205 0.006970862354174793 0.0042265974026563825 -0.00025308711884820676 0.9999910358704752 2.9657843552527536
0.9999875262704574 -0.000248605100651928 -0.004988536758910766 0.0006916322260037597 0.00025008933392797137 0.9999999246507182 0.000296907196063179 0.011295898349722895 0.004988462570384742 -0.0002981510723584273 0.9999875130955995 3.9635929122433353
0.9999834706609769 -0.0003067315129754212 -0.005741456314025675 -0.0005384443587941735 0.0003090115083250356 0.999999873757583 0.0003962280981920038 0.015658346662081712 0.005741334053566309 -0.0003979957248790178 0.9999834392042141 4.973821126385918
0.9999813277816163 -0.00047177607870003437 -0.0060927428509078944 -0.005747813332971164 0.0004744548671924186 0.9999997914231368 0.0004382308320574428 0.02038332010631487 0.006092534833279186 -0.0004411133808158093 0.9999813430451042 6.01380879470721
0.9999733093528372 -0.0005971874919087344 -0.007281754529956364 -0.011224381885922332 0.0006012362873858191 0.999999665886461 0.0005538428414898737 0.026831400070683922 0.007281421349006166 -0.0005582061141252536 0.9999733342990064 7.057513869076453
0.9999636931946047 -0.0007064545188565503 -0.008491949989230871 -0.019075845251495267 0.000711078919611404 0.9999996005418877 0.0005415559389444161 0.03248452329345344 0.008491564012412276 -0.0005475747234020664 0.9999637960959112 8.094069994233923
0.9999559775400598 -0.0007608634722155817 -0.00935222265988982 -0.032199720651453496 0.0007658243264515083 0.9999995679568567 0.0005268768366875416 0.040358179219127245 0.009351817737986752 -0.0005340158018924398 0.999956128203692 9.139508980452169
0.9999495186756598 -0.0008406461560428706 -0.010012662700626746 -0.04632762997619396 0.0008450063342158605 0.9999995499964079 0.0004312438715909613 0.045968160819375437 0.010012295671389592 -0.0004396828652336063 0.999949779046111 10.172974148915912
0.9999449180870343 -0.0009287425160644973 -0.01045457934365874 -0.061884497082224085 0.0009321380652559206 0.9999995143839591 0.00031992260481845036 0.049770842146011685 0.010454277141022365 -0.0003296500942318387 0.999945298213994 11.21802594416832
0.9999421405935098 -0.0009748290906920523 -0.010712850858356654 -0.07720035355114563 0.0009769856636600916 0.9999995035265541 0.0001960756442819101 0.05467178933095855 0.010712654399468651 -0.0002065306011670481 0.9999425965428353 12.269298104646053
0.9999422190192874 -0.0010841415158127875 -0.01069501098443376 -0.09398128207144747 0.0010852575191849124 0.9999994062523239 9.85449978854808e-05 0.05934447800328401 0.01069489779757246 -0.00011014614494748082 0.9999428018786503 13.335547799190724
0.9999429364878178 -0.0011795490188053637 -0.010617553024687051 -0.11177610548616194 0.0011786890364999603 0.9999993015392479 -8.725349152932667e-05 0.06296321006712685 0.0106176485285133 7.473371919399395e-05 0.9999436283884184 14.414695056055837
0.9999366172014329 -0.0012478427281309534 -0.011189480250698188 -0.12647817308680348 0.001246695593881711 0.9999992168803211 -0.00010949356603678067 0.06741150948107465 0.01118960811874616 9.553675030176805e-05 0.9999373898114209 15.46843521011574
0.9999326537921058 -0.0013037279219439884 -0.011532049851692138 -0.14060632102832352 0.0013020537359604322 0.9999991406715356 -0.0001526835261101498 0.07277085200144488 0.011532238999649655 0.00013765789486098041 0.999933492045325 16.500743428209002
0.9999386990548483 -0.0012948809702623433 -0.010996427409384545 -0.15848155700790234 0.0012922685783918204 0.9999991350890312 -0.00024466939114402037 0.07864941161812268 0.010996734716192455 0.00023044405506337907 0.9999395075308897 17.55173897806643
0.9999458165088428 -0.0011128687341458304 -0.010350148290912508 -0.17633164541914725 0.0011080278332421748 0.9999992740662091 -0.0004734357144663662 0.08568752648755676 0.010350667649194376 0.0004619418096820026 0.9999463237039172 18.604585187256557
0.9999505450294928 -0.001009575934143038 -0.00989384918285825 -0.196776656117168 0.0010022576536425785 0.9999992205173825 -0.0007446101148411795 0.0905261874504892 0.009894593211227053 0.0007346571041024051 0.9999507774406311 19.679781720535605
0.9999534317418382 -0.0010135180622934182 -0.009597245899625635 -0.21968785001161587 0.0010039700178787899 0.9999989963826296 -0.0009996389032450557 0.09412147454460114 0.00959824941974715 0.000989957004665106 0.9999534457129512 20.76955500654066
0.9999513450699922 -0.0009750182295623463 -0.009816151596459712 -0.24218672225267188 0.0009637276399432711 0.9999988687517858 -0.0011548697695745163 0.09878246243139593 0.009817266511033852 0.0011453534828553275 0.9999511535288359 21.87362315745609
0.9999534650479006 -0.000954486220030298 -0.009599827850120474 -0.26699023954918844 0.0009407948843226542 0.9999985341130369 -0.0014306211109235574 0.09571037228216839 0.00960117928599444 0.0014215230681069162 0.9999528972049052 22.96839685639366
0.9999623198532551 -0.0009659566319021292 -0.008627038975251628 -0.2892055508047768 0.0009510773922911232 0.9999980535955109 -0.0017286575668858653 0.0936461304605938 0.008628691991785257 0.0017203874490832971 0.9999612922216211 24.061436027526717
0.999969142829309 -0.0009457493345988304 -0.007798650358372715 -0.30553843438102496 0.000930158401823144 0.999997562259971 -0.0020025682167534985 0.09141282516399427 0.007800525274849046 0.001995252443010492 0.9999675848611912 25.128688206226215
0.9999755342494454 -0.0009527065390573581 -0.006929881152361964 -0.3219275580814077 0.0009368802865782762 0.99999694672162 -0.0022866575532530862 0.09174900738935232 0.0069320385071092346 0.0022801091394198053 0.9999733736177412 26.202169929629815
0.9999773897685093 -0.0009728535099088852 -0.006653834068131992 -0.3349788404437275 0.0009559342139795579 0.9999963033110165 -0.0025454968237729916 0.09296783784550729 0.006656285866496364 0.0025390786418606763 0.9999746231470638 27.263968602675146
0.9999760039736786 -0.0009757064540198483 -0.006858532915161551 -0.34349422160671156 0.0009573612149070278 0.9999959570055631 -0.002677579509951831 0.09236993377584594 0.006861117717760141 0.002670949165279292 0.9999728951797733 28.34112529377286
0.9999745726509774 -0.0009796063913197588 -0.00706359843225283 -0.35228172973135763 0.00095928612134739 0.9999953939030757 -0.0028795733659671297 0.09278918319436498 0.007066386745107391 0.002872724134107285 0.9999709063939891 29.429065057684905
0.9999745414622168 -0.0010060697213935038 -0.007064294100894249 -0.3688624128533089 0.0009850713421887909 0.99999508854866 -0.00297531729540468 0.09870718089224978 0.007067252781599967 0.002968282714505313 0.9999706211863656 30.490662830898124
0.9999769761162124 -0.0009675925120982287 -0.006716472452495565 -0.3837769775730244 0.0009466797010441662 0.9999946967170203 -0.003116141103624472 0.10094913868691394 0.006719451987940034 0.003109711009820436 0.9999725889555248 31.55353322215402
0.9999758751025036 -0.000999697175562007 -0.006873850342989486 -0.40211075850556416 0.0009772700698319038 0.9999941915089934 -0.0032652551944488315 0.10145915923439248 0.00687707468268697 0.0032584588122972586 0.9999710437257545 32.64482373240979
0.9999729564898212 -0.0009928518080364154 -0.007287011341570962 -0.41741346877425745 0.0009678486627851462 0.9999936357173089 -0.003433918147499603 0.10218962283172835 0.007290374336812206 0.0034267725581165883 0.999967553309537 33.73596646602195
0.9999691607019974 -0.0010537948808296113 -0.0077824906868429215 -0.4319594869435594 0.0010260592017243267 0.9999931118701157 -0.003566989604201545 0.10466227790248082 0.007786195955421129 0.0035588943045646 0.999963354040472 34.84229354465743
0.9999621603980013 -0.001138492203013591 -0.008624477240054659 -0.44761436289720746 0.0011067495437381983 0.9999926000854084 -0.003684410383158815 0.10833975272930363 0.008628608092153614 0.003674725830285905 0.9999560207891455 35.95510571905616
0.9999531019226278 -0.0012637797189453852 -0.009601917315595874 -0.46486364251177165 0.0012274748574871402 0.9999920798970804 -0.0037859541182047544 0.11145721499828294 0.009606625879453953 0.0037739904521470256 0.9999467334489758 37.06297524065875
0.9999372188670089 -0.0013231617878707615 -0.011126884891714687 -0.4811648372445273 0.001279918272295877 0.9999916046146281 -0.003892622442179469 0.11700446919876169 0.01113194204649813 0.0038781365556456024 0.9999305175476578 38.19135486731467
0.999918988203918 -0.001349749420348834 -0.012656824473538936 -0.49997811600679537 0.0012987490826741224 0.9999910085973548 -0.004036827376161278 0.12309761022999406 0.012662159376344904 0.0040200623063504845 0.9999117505155036 39.32363151075908
0.9998976257492903 -0.0012438629838971951 -0.0142545019487935 -0.5179886044338301 0.0011833823244646545 0.9999902661005962 -0.004250565883803548 0.12708245388757158 0.014259650318468955 0.0042332622096558515 0.9998893648118561 40.467668474891475
0.9998763450377044 -0.0011700782526827165 -0.01568201361186659 -0.5425073262162987 0.0011003044542743574 0.9999894613918167 -0.004457177965017517 0.13442384542040184 0.01568706359227481 0.004439371823415179 0.9998670951749853 41.61163701165764
0.9998612023021389 -0.0011402702528884464 -0.016621549707242098 -0.5709231930746327 0.0010634196657854636 0.9999887083837345 -0.004631656684621631 0.13830532449703167 0.01662664336342013 0.004613338138502009 0.9998511248389348 42.778328045483725
0.9998514526815809 -0.0010444056616424318 -0.017204121231400686 -0.602640637485217 0.0009607471598624132 0.9999876787451298 -0.004870248743249942 0.13973258352616552 0.017208995770399235 0.004852996470248101 0.9998401366667732 43.95037360451098
0.9998489432475379 -0.0009526964866130328 -0.0173546263625728 -0.6364411225292033 0.0008630651061131817 0.9999862554948158 -0.005171454348547453 0.1403188634928517 0.017359314658209325 0.005155694993004886 0.9998360230576483 45.107187492544895
0.9998543920133571 -0.0008633869174392748 -0.017042574178479607 -0.6673132087326094 0.0007677603742098986 0.9999839310104756 -0.005616784208410917 0.13343089420332852 0.01704714977953728 0.005602881746642152 0.9998389882378685 46.27164762184945
0.999868474543651 -0.0008383750369141152 -0.016196627459082673 -0.6980901607104479 0.0007402221463182296 0.9999813329800264 -0.0060651267639567725 0.1272402774608108 0.01620140996718901 0.006052339943050447 0.9998504305626349 47.428871127525326
0.9998835389771084 -0.0008204208021196205 -0.015239271384143152 -0.7234520840340036 0.0007218932982351169 0.9999788104137056 -0.006469744481461195 0.12115431968634488 0.015244256383244083 0.006457989880518833 0.9998629441148535 48.56042266035786
0.9998960008717992 -0.0008561605324189772 -0.014396333898753819 -0.7444236150461708 0.0007598240909331154 0.9999772937188036 -0.0066958729204975 0.11912323267821114 0.014401739753672742 0.00668423787423383 0.9998739474834344 49.68073915185417
0.9999074448270696 -0.0009212500351523369 -0.013573985331228586 -0.7669150492308114 0.0008268024141545524 0.9999754234729549 -0.006961957185439765 0.11563291404702812 0.013580065433112801 0.00695008981644697 0.999883632266462 50.793268210724996
0.9999205049355416 -0.0009197138079151513 -0.01257529069094529 -0.7942695446065655 0.0008286156892369629 0.9999733931585453 -0.007247507918204061 0.11241923799730708 0.01258162173528498 0.007236511693931705 0.9998946622984901 51.89988575527129
0.9999376464648556 -0.0010066910431686246 -0.011121589610666421 -0.8209407646560772 0.0009214214086845164 0.9999701644161698 -0.007669501945070949 0.10475897888944237 0.01112897861046094 0.007658776053746002 0.9999087403280582 53.020055583322296
0.9999484472480636 -0.0009808114193549013 -0.010106475901376052 -0.8462390369857611 0.0008992065832855788 0.999966985150238 -0.008075892338543224 0.09996338150392481 0.010114063165019673 0.008066388194404493 0.999916316052393 54.108679781977564
0.9999617840815085 -0.001009704422135855 -0.00868394343058454 -0.8701033017223733 0.0009356962653176289 0.9999632471207488 -0.008522257930087188 0.09167067187894588 0.008692229232178805 0.008513806710736538 0.9999259773834588 55.213192994505825
0.9999729885803991 -0.0009498320015302597 -0.0072883419755606065 -0.8912676060769692 0.000884909924799649 0.9999599517319051 -0.008905721012392929 0.08034721758352158 0.0072965090289014755 0.008899030930076303 0.9999337819098296 56.29975687337313
0.9999801346189717 -0.0009669730165179486 -0.00622858977676769 -0.9121629721919272 0.0009091543477936972 0.9999565364250436 -0.009278938473869363 0.06985100391056547 0.006237291543115219 0.009273091394744866 0.9999375510351579 57.38847482267621
0.999984822792974 -0.0009326103663657812 -0.00542995594896747 -0.9279826430250961 0.0008803968688444882 0.9999534325668878 -0.009610286106631052 0.06074175737288321 0.005438665742303803 0.009605359733113794 0.9999390771338719 58.493491563113714
0.9999889318261478 -0.0009412154089069399 -0.004609808971398432 -0.9433125620345785 0.000895884114854738 0.9999513236265815 -0.009825872434554257 0.05388391985326367 0.004618832845156912 0.009821633825459909 0.9999410992114213 59.59378593641322
0.9999912838085674 -0.0008694571553425409 -0.004083668834120557 -0.9587527694746504 0.0008277977882008055 0.9999477166494565 -0.010192090970925221 0.04513317062849066 0.004092316912653975 0.010188621682680591 0.9999397206484458 60.71744576656574
0.9999930518507173 -0.0009013420789444914 -0.0036171581032631273 -0.9698730958966999 0.0008633528126095729 0.9999446018292056 -0.010490371516378836 0.03317188961422743 0.003626413132592209 0.010487175744089399 0.9999384322410568 61.82722256973402
0.9999931898677752 -0.0008903353338035583 -0.003581552884434459 -0.9781898770825893 0.0008520042965283054 0.9999425007867262 -0.010689677687663155 0.02499244462228753 0.0035908643457136066 0.010686553391098872 0.9999364496156085 62.92756045006359
0.9999926399210963 -0.0008671974541519737 -0.0037373884212247984 -0.9875613809018948 0.0008264837129618447 0.9999404537688931 -0.01088144480902554 0.014536977827144993 0.0037466022350660174 0.010878275830073995 0.9999338108528263 64.01800015058426
0.9999921794747965 -0.000818055980123989 -0.003869337625351542 -0.995531257508358 0.0007751202029362185 0.9999382598649678 -0.011084928817572436 0.005047891007865901 0.0038781668242325344 0.011081842925841837 0.999931073914322 65.11859217419762
0.9999906019812707 -0.0008937736288283307 -0.004242301007177992 -1.0058915605941814 0.0008458003729286518 0.9999358329304842 -0.011296665142752824 -0.006488042495743909 0.0042521254525526575 0.011292970836708277 0.9999271914688669 66.22742133233642
0.9999886822141993 -0.0009156062249945991 -0.004668737382751553 -1.0136916631058441 0.0008619353480441734 0.9999336750604881 -0.011484883433511676 -0.01860076077746538 0.00467894335979211 0.01148072930028009 0.9999231472187092 67.31103525339448
0.9999849747662248 -0.0009317427559487159 -0.005402045652211859 -1.023810719561109 0.0008687390977798834 0.9999317175277673 -0.011653564877266384 -0.028926237615795516 0.005412534911834988 0.01164869681146371 0.9999175027613135 68.38041378813172
0.9999788797720304 -0.0009740477968739594 -0.006425826076365303 -1.0317336682631828 0.0008985043272921897 0.9999305784650403 -0.011748656967621207 -0.0392968724247711 0.006436823739091242 0.011742635200771661 0.99991033488943 69.45353292786697
0.999972949905804 -0.0010082220552664366 -0.0072858043461947585 -1.03998413089902 0.0009221166968525606 0.9999298113392441 -0.011811947166345427 -0.047580785159569 0.007297202030993925 0.011804909290224298 0.9999036928420492 70.49258307621926
0.9999655330133708 -0.001149213085071617 -0.008222657390997245 -1.0494315186830294 0.0010519058096617026 0.9999294864136201 -0.011828596483144035 -0.0584419395601472 0.008235671159791498 0.01181953932598675 0.9998962307213022 71.55764820487308
0.9999591324718028 -0.0011954590046728438 -0.00896126464328948 -1.0624737410402543 0.0010882582538574936 0.9999279080465553 -0.011958026744089086 -0.06972326286356849 0.008974913938965353 0.011947785878880866 0.9998883444327066 72.63763526633043
0.9999549482879416 -0.0012815018613985898 -0.0094052723213285 -1.0781529566668666 0.0011679099233272048 0.9999264360717256 -0.01207304565168683 -0.07991965093208765 0.009420052063025442 0.012061517229434777 0.9998828843525887 73.7193925439597
0.9999509913058799 -0.001372185225089848 -0.009804697552466447 -1.093530532228649 0.0012528984568093587 0.9999252541226525 -0.012162089179302915 -0.08919998327652046 0.009820653330823829 0.012149208840761486 0.9998779683004809 74.79302140477219
0.9999495434771529 -0.0014237336819348091 -0.00994401740925179 -1.1044963310507914 0.0013021249271043093 0.9999244225417726 -0.012225124750953898 -0.09970410417069017 0.009960671187565221 0.012211559560723435 0.9998758237114179 75.87871998901099
0.9999479547817454 -0.001476422140995468 -0.010094944549876335 -1.119855771213479 0.0013525066606793156 0.9999237958080672 -0.012270831370322833 -0.10904212381065821 0.010112292199907875 0.01225653925248309 0.999873751426656 76.94967916617941
0.999948477941238 -0.0014918235609124538 -0.010040713394149664 -1.1329520823813277 0.0013678930735326806 0.9999229438116279 -0.01233836729987175 -0.11700256217706731 0.01005834636208812 0.012323996979481501 0.9998734663780754 78.01015042121907
0.9999474162821326 -0.0016552945308895893 -0.010120507433032817 -1.1489260457540509 0.0015288694063620592 0.9999208658701008 -0.012486975451462195 -0.1257821431847115 0.010140376177655126 0.0124708459056768 0.9998708170425672 79.1017904836631
0.9999452663634458 -0.0017122657347135408 -0.010321454519076005 -1.165882183679714 0.0015821179256134254 0.9999193091373285 -0.012604448309871653 -0.13235171427858192 0.0103422038369528 0.012587428664365852 0.9998672889235914 80.20702582529064
0.9999434990533529 -0.0017978186739490622 -0.010476953228451375 -1.1825364825613824 0.0016652120791173354 0.9999185738132222 -0.012651988462777618 -0.1397043124096054 0.010498846111221906 0.012633827264384128 0.9998650712166041 81.3028633661976
0.9999449644076913 -0.001869712542537809 -0.010323387559697448 -1.1982825438424338 0.0017373300829234119 0.9999163411575885 -0.01281765853044015 -0.14800381177760236 0.010346489253964775 0.012799017971245764 0.9998645584773407 82.36957367732099
0.9999420194031866 -0.001919805729668722 -0.0105958566353079 -1.216059397676804 0.0017828910031753129 0.9999149969402397 -0.012915889193954009 -0.15409522319831745 0.01061975195315144 0.01289624906552413 0.999860444076318 83.43907444699235
0.9999396033441172 -0.002003713581971357 -0.010806238748491343 -1.2309207736635497 0.0018631531429783466 0.9999137377285052 -0.013001759964525378 -0.16434495789679765 0.010831358380821035 0.01298084102401489 0.9998570795078334 84.5013106453774
0.9999464751818541 -0.0020032903742410674 -0.010150546737036317 -1.2463019295321047 0.0018696924755122284 0.9999117332596518 -0.013154084526313788 -0.1753299689200221 0.010176002232276602 0.013134402055475055 0.9998619587029064 85.58486535296227
0.9999538647327532 -0.002049068433412258 -0.009384547116646613 -1.2623717441118218 0.0019237159945237098 0.9999090752749884 -0.013346928466483289 -0.1846031327529457 0.009411042599084355 0.013328259498981896 0.9998668860282975 86.6779540034742
0.9999596713593019 -0.002116368452632135 -0.00872792298133047 -1.2755944244063606 0.0019986465752032927 0.9999072146801041 -0.013474696380356163 -0.19426487705263606 0.008755630580532806 0.013456708930792038 0.999871119653872 87.77543165482395
0.9999645128825173 -0.002101547051725671 -0.008158215222549996 -1.2926523188224688 0.0019906456450324538 0.9999058300266239 -0.013578232899885943 -0.20041254813148737 0.008185982258958094 0.013561510931935802 0.999874529686449 88.83273321016664
0.9999734916858023 -0.002119973799173233 -0.006965747396625425 -1.307246545054957 0.002024046047144971 0.9999034203770533 -0.013749660209189872 -0.20665609438025956 0.006994223566759335 0.013735196735393378 0.9998812055476074 89.90519980618242
0.9999843738113094 -0.0020904654765327405 -0.005184793852499605 -1.3206362545422696 0.0020178016257249467 0.9999002299006146 -0.013980655252751493 -0.21769622366479582 0.005213502642246832 0.013969974902929866 0.9998888234155882 90.95321892903273
0.9999919774373071 -0.0021038103955314524 -0.0034086717123044635 -1.3294134923333423 0.002055077350922559 0.9998965261020565 -0.01423775776307025 -0.2301428871400115 0.0034382725465465867 0.014230638455733293 0.9998928278625847 92.04709835424651
0.9999956207936745 -0.002065857723988623 -0.0021191095620298746 -1.3395980450901643 0.002034701004811408 0.9998913294022643 -0.014601006060954077 -0.24400775991441478 0.0021490428782761266 0.014596630365780799 0.9998911540746176 93.132031064635
0.999997941426492 -0.001968774944082149 -0.0004909867570765713 -1.3464782321576898 0.0019612164047798277 0.9998863618355252 -0.014947141717716739 -0.2577846307479488 0.0005203585203421986 0.014946148016644265 0.9998881646896683 94.20585758617011
0.9999977221058313 -0.0019172003218972558 0.0009381503463112763 -1.3545228572686232 0.0019313087610475046 0.9998814475645744 -0.015276153398006594 -0.2726912829563905 -0.0009087516800909196 0.015277930458528856 0.9998828726462349 95.27922920647347
0.9999955339968079 -0.001855772089306058 0.002342668646927944 -1.3584363168966516 0.0018918802999437897 0.9998779797477569 -0.015506334333860162 -0.28724597218232384 -0.0023136065714445034 0.015510697131183948 0.9998770251881657 96.30477138335253
0.9999910525742053 -0.0018681871364729207 0.0037953456171637527 -1.3619354808858684 0.0019282042672818741 0.9998721770441955 -0.015871723321775187 -0.30696431478286795 -0.003765209135525277 0.015878899512323356 0.999866833008497 97.36515753461047
0.9999842798688207 -0.0018115829193331432 0.005306428418449474 -1.364061061833046 0.001897538246230791 0.9998663488121405 -0.01623834541082009 -0.32579101962329154 -0.005276302098803594 0.016248159292774993 0.9998540683298524 98.43097032010664
0.9999785907280352 -0.0018802060197616532 0.006267608067970772 -1.3614926841278534 0.0019828645401595664 0.9998633241769583 -0.016413446134682975 -0.3442615514135153 -0.006235890777252127 0.016425522552540397 0.9998456460249693 99.47306209035565
0.9999718336332375 -0.0019352430984872495 0.0072516738983714815 -1.359366460309147 0.0020552413362872205 0.9998604812720129 -0.01657691085656114 -0.3619226979410234 -0.007218581801724018 0.01659134788516338 0.9998362962265989 100.52317722547505
0.9999677710196969 -0.002056037408083966 0.007760775223726035 -1.3553909943841977 0.0021845054917154424 0.9998601311998052 -0.01658149489229173 -0.37526113004255507 -0.007725597559626419 0.016597913943715653 0.9998323981523412 101.57319592897596
0.9999635126241799 -0.0021981801533399827 0.008254781906416379 -1.3520941208031796 0.002335929883580974 0.9998575681679039 -0.01671486790083572 -0.39407448978200477 -0.008216863871820591 0.01673354061090649 0.9998262207837585 102.66264965279079
0.9999632615193748 -0.0023355962293503674 0.00824746032337148 -1.3486217520728672 0.002473898245887808 0.9998558288280514 -0.016798850735618136 -0.4106703750907084 -0.008207035944915543 0.01681863694899289 0.9998248736714719 103.74787411095878
0.9999643451341031 -0.0024991830155969624 0.008066135678024616 -1.3428500872181515 0.002634954383036135 0.9998542908283008 -0.016865767923016826 -0.42857376073767656 -0.008022809727337966 0.016886420475882274 0.999825226390887 104.82707141932075
0.9999672391641078 -0.002689327898809083 0.007634665281622771 -1.3350492945444228 0.0028176178822791192 0.9998541783876943 -0.01684289138290541 -0.4423981253794445 -0.007588255924729345 0.016863851165127595 0.99982899982742 105.90240201582151
0.9999725716473343 -0.0027759853207105145 0.006866575457513455 -1.327295831341141 0.0028914607556001595 0.9998536004620348 -0.016864670106546336 -0.4567653025784448 -0.006818754117384686 0.016884061969887842 0.9998342027774813 106.99468637943777
0.9999809879723457 -0.0028834440628264994 0.005450637044023973 -1.320218836862966 0.0029753531002649084 0.9998522527393158 -0.016929854282955348 -0.47045720345684094 -0.005401015439515041 0.016945749981924902 0.9998418227848694 108.0816512380798
0.9999874094867796 -0.0028985381801334732 0.004096259798372012 -1.3144613453574379 0.0029678891562861937 0.9998506271408752 -0.0170268916703061 -0.48650193895227656 -0.004046294832738844 0.017038834538038356 0.999846641048371 109.15498787569265
0.9999918241931172 -0.0030734779309808404 0.002627790008239918 -1.3119981128427713 0.003117817292645651 0.9998499640124776 -0.01703903399770598 -0.49861142342639225 -0.002575026650213858 0.01704708765898369 0.9998513719749029 110.2500197881802
0.9999941835460924 -0.00315882263318094 0.001286356697921762 -1.3102007746256363 0.0031803526702245274 0.9998488277218043 -0.01709406505852522 -0.5105041452711538 -0.0012321651168492355 0.017098056699642823 0.9998530583171803 111.3269640468342
0.9999944706386313 -0.0033217767338262543 -0.0001564975791290917 -1.307557198238675 0.003318620211494075 0.9998486957211427 -0.01707549192907768 -0.5201342955656697 0.0002131948721843808 0.01707487815648312 0.9998541909117978 112.42715190706649
0.9999925451616337 -0.0035707413456705717 -0.0014694990298341967 -1.3132609194955398 0.0035450517839465804 0.999847018624542 -0.017128104257692223 -0.5300355271391846 0.0015304342538972708 0.017122767120286247 0.9998522233896053 113.53593151044004
0.9999906278852403 -0.0037072930373559503 -0.0022360948138844886 -1.3179642693169147 0.00366822250804063 0.9998448107678134 -0.017230743579581077 -0.5420127885687712 0.0022996272117482676 0.017222379597748458 0.9998490392832691 114.66577053867361
0.9999874188340608 -0.003878045809264486 -0.0031816559041831028 -1.3236984717015838 0.0038227328096245416 0.9998445780718158 -0.017210648281138836 -0.5518031898505542 0.003247905087529048 0.017198269130703037 0.9998468235942185 115.78446972937648
0.9999838948145675 -0.004101918325855274 -0.0039222923826175435 -1.3301498008310144 0.004033805105479525 0.9998436105466902 -0.01721867780427987 -0.5608462289669873 0.0039923085874884745 0.017202578731242747 0.9998440542190246 116.90383369942204
0.9999772331893698 -0.004261986460922981 -0.005231498288105286 -1.3370828786352844 0.004171243169971949 0.9998427548239835 -0.017235613026609076 -0.5720969097298786 0.005304133609601256 0.017213398775168226 0.9998377693752406 117.99192796218728
0.999971403741293 -0.004372848049316074 -0.0061700810046722895 -1.3433746683061187 0.004265303570479136 0.9998406085847068 -0.01733679931282286 -0.5850055502737744 0.00624490873578494 0.017309986276685185 0.9998306684083966 119.07855059259079
0.9999717819381183 -0.004457797649268331 -0.0060467650542401045 -1.357005028761636 0.004352164446882815 0.9998396326916515 -0.017371458305192277 -0.5953730275402349 0.006123233796801387 0.017344651600419127 0.9998308202234657 120.1542388025622
0.9999744927600343 -0.004499645299239474 -0.00554680281712601 -1.3701877401355358 0.004402742943405654 0.9998396088331148 -0.017360082459965166 -0.6051441583634928 0.005624027372385077 0.017335218505214467 0.9998339164658747 121.22884098992164
0.9999756309931731 -0.004612770386931618 -0.005240206976991134 -1.3808446607078646 0.004520710691641732 0.9998375868241726 -0.017446006662161662 -0.6169097809931651 0.005319830321235435 0.017421892060598906 0.9998340747756004 122.30162736387668
0.9999780757978323 -0.004654065262902333 -0.0047103715556554284 -1.3911278336246646 0.004570384307457879 0.9998342610365466 -0.01762277063299144 -0.6306276503852264 0.004791608388195412 0.01760085605956506 0.9998336113349178 123.39103036293507
0.9999804118325194 -0.004686882184702136 -0.004148383619039867 -1.4048368863128975 0.004612058085165497 0.9998297466909338 -0.017866352514152282 -0.6454640805248352 0.004231414832305636 0.017846869958836397 0.9998317780312787 124.49127091688125
0.9999808163655146 -0.004663721178177216 -0.004076347106200607 -1.4151298657921163 0.0045891768835202296 0.999825487082263 -0.018108971153686645 -0.6609783626059631 0.00416009092325784 0.018089916679894135 0.9998277094369926 125.56951419503783
0.9999818280426408 -0.0045896069401907625 -0.003908847992918912 -1.424497367068205 0.004517117796787394 0.9998213091115496 -0.018356075105393433 -0.6770718982005413 0.003992396687096612 0.018338084812745573 0.9998238721965444 126.63946970001737
0.9999857157169885 -0.004435395101038826 -0.0029825546564692 -1.4367402494941557 0.0043789679940266606 0.9998161734488064 -0.018666653408994406 -0.6908597202608496 0.003064800366815992 0.018653326257853108 0.9998213142448147 127.69272259127375
0.9999889779136459 -0.00438237283669917 -0.0016848915516519468 -1.4459228796248067 0.004349576548552508 0.9998100361089995 -0.018999286290997622 -0.7104166877464262 0.001767833439255213 0.018991748314443526 0.9998180775825624 128.7478159261091
0.9999904325159985 -0.004327752305622265 -0.0006367389153005211 -1.453227203349048 0.004314675522861809 0.9998048933656535 -0.019275859960709223 -0.7287200397914133 0.0007200358307016029 0.019272928217415122 0.9998140005952747 129.7911682740308
0.9999907908700902 -0.004289278121942217 -0.00014236643808866376 -1.46047522315502 0.004285670016215169 0.9997992502554904 -0.019572741787226844 -0.7456742956296014 0.00022629079119695884 0.019571951403729995 0.9998084254049507 130.8661766821776
0.9999911723476657 -0.00419817424568519 0.00017481345174073492 -1.4658291933854337 0.004200823684198631 0.9997927223744362 -0.019921480052592613 -0.7671788727706935 -9.114337233082453e-05 0.0199220385531811 0.9998015323416796 131.97915244793623
0.9999908809973818 -0.004241638822528337 -0.0004964092853480783 -1.4698711789811532 0.004230757315469254 0.9997873829537754 -0.02018141667416427 -0.788244321687076 0.0005819060207308574 0.020179132452557313 0.9997962112344917 133.0969997325155
0.9999900116331674 -0.004269541392368115 -0.0013219872146809333 -1.4750043283059238 0.004241571643161958 0.9997812084215978 -0.020482781965431324 -0.8081809523821383 0.0014091500604438592 0.020476970072408875 0.9997893318058361 134.2146261682414
0.9999888924501171 -0.00430256840216692 -0.00192428727901762 -1.4782300447453975 0.004261771096121858 0.9997761248377176 -0.02072528676758094 -0.8295568717741721 0.002013028442862788 0.02071685568851796 0.9997833563361959 135.34191755413448
0.9999886351399281 -0.004340595753793388 -0.001972008997283087 -1.4878530177327691 0.004298203419759599 0.9997699136638845 -0.021015355811143468 -0.8502816077858918 0.002062774429156417 0.021006640878749375 0.9997772081822255 136.4314658579067
0.9999900392848198 -0.0042771782957243595 -0.0012755692730770309 -1.5035006924544676 0.004248787548714062 0.9997601181814121 -0.021486132696523615 -0.8723036011090907 0.0013671633076286884 0.02148049905643051 0.9997683326775141 137.56068495054316
0.9999917594069828 -0.004056204135916134 -0.0001683036955984691 -1.520399057553827 0.004051511662689299 0.9997490638527422 -0.02203167217463542 -0.8968381056272386 0.0002576264219134232 0.022030808736205935 0.9997572590859518 138.67110542420843
0.9999918079321027 -0.004030058651389661 0.0003777511747436391 -1.5408996520471119 0.004037544699887455 0.9997381669841412 -0.022523225967512085 -0.920351987609433 -0.0002868823453467439 0.02252456664296914 0.9997462486031473 139.78828233816978
0.9999915676693741 -0.00401573588867403 0.0008593342882253925 -1.550669160525076 0.004034366497426507 0.9997295126895956 -0.02290470135989037 -0.9447933547702477 -0.0007671226179347687 0.02290797508933811 0.9997372835901415 140.88705056088475
0.9999923389825202 -0.003913924497272755 5.631426995435663e-05 -1.5575856775204249 0.003914174283285394 0.9997210071539202 -0.02329349898209674 -0.9674911788687564 3.487043761731131e-05 0.023293540954061095 0.9997286680564249 142.0107077964061
0.9999920663204926 -0.0038523179243110657 -0.0010133818036825331 -1.5678749839202752 0.0038272895762438246 0.9997132622309272 -0.023637791227067013 -0.9875616533046323 0.0011041515156800731 0.02363372518679315 0.9997200747625431 143.15927360575827
0.9999918398649813 -0.003745671623956653 -0.0015133233406973558 -1.58129338473246 0.003708233750649537 0.9997044262488436 -0.024027258289669458 -1.0078382268133765 0.0016028742616179198 0.02402145046731005 0.9997101583516831 144.2837763678182
0.9999919383481258 -0.0037327960863050074 -0.001479686498830038 -1.592356554725455 0.0036956410478939166 0.9996963199007316 -0.024364117348607602 -1.0366267985462405 0.00157018342937234 0.02435845254341221 0.9997020557714622 145.37716188438512
0.9999924027092177 -0.003730834935829359 -0.001129333664501674 -1.5986988426850302 0.0037018903794941967 0.9996897851024564 -0.02462985118550766 -1.0613450463949645 0.0012208732376418115 0.024625483395938414 0.999696001310425 146.48537568284436
0.9999922872090273 -0.0037503670335054208 -0.0011663059508235328 -1.5996876171462915 0.0037203460717627973 0.9996865765777948 -0.024756971447909983 -1.0826804289933933 0.0012587881327887577 0.024752441440801458 0.9996928188674538 147.58257053457604
0.9999920292427456 -0.0038958264947629856 -0.0008740634400290043 -1.6012499340561668 0.0038728605353009257 0.9996825601981554 -0.02489537681845832 -1.105308989156547 0.0009707740461102534 0.024891793257650698 0.9996896799638221 148.66084917463132
0.9999917842587872 -0.004034632573551941 -0.0003913501273888298 -1.5991582436342762 0.004023586532158184 0.9996792698317384 -0.025003364175611702 -1.129054868915262 0.0004921039971479203 0.025001584123340262 0.9996872904188483 149.76772348184016
0.9999912965787345 -0.004172060733034356 2.600038252625062e-05 -1.6027938938902535 0.0041714022828806385 0.9996773175415143 -0.02505713862344321 -1.150672172611382 7.854791147416236e-05 0.025057028998665083 0.9996860202723578 150.89942073643152
0.99999095761742 -0.004222527216867492 0.0005049230602465218 -1.6048447795870144 0.00423389668193355 0.9996743531848793 -0.02516469159909995 -1.1699001494593217 -0.0003985000384788039 0.02516660184240041 0.9996831914908966 151.9853873364089
0.9999898777388029 -0.0043697084735957546 0.0010724121356039864 -1.6100786150220665 0.004395407946182287 0.9996711897884325 -0.025262476045792223 -1.1897003687519438 -0.0009616698599014923 0.025266934021233617 0.9996802775068868 153.1094685600518
0.9999878725217008 -0.004437566487546599 0.002136074247286122 -1.6186250199910381 0.004490338824639457 0.9996680605607009 -0.025369382177034366 -1.207543022443152 -0.0020227868798396178 0.025378666207527444 0.9996758632850774 154.22701845875648
0.9999850281354881 -0.004478753339478751 0.003143926428808337 -1.626636431674059 0.004557847729260197 0.9996614021840654 -0.025618489562476955 -1.2336501382810103 -0.0030281230065057506 0.02563243554385673 0.9996668488647338 155.38277387883747
0.9999799462627369 -0.004565805699510237 0.004388677555587549 -1.6351634562780923 0.004678062169467489 0.9996531222756628 -0.02591815693399132 -1.2613938740100232 -0.004268817952454212 0.025938167684528602 0.9996544346175118 156.50689103879657
0.9999747600103216 -0.004671875111065937 0.005352842725594401 -1.6383945006817597 0.004810728372066884 0.9996444175253165 -0.026227760159774616 -1.2903043859579102 -0.005228406528621999 0.026252849243750122 0.999641661632685 157.6348865481622
0.9999713181066205 -0.004655278126584881 0.005974223771364719 -1.6452267292713867 0.004812021588045845 0.9996373342577806 -0.026496120588345884 -1.3140697654227036 -0.0058487103144522256 0.026524108723199824 0.9996310640651863 158.75775799095084
0.9999663783645835 -0.004727748307286716 0.006700040026723328 -1.6490540628506496 0.004904832432771717 0.9996323901751948 -0.026665092001173514 -1.339969111043875 -0.006571511182610741 0.026697058050795842 0.999621969712655 159.8754496715877
0.9999619059934258 -0.004674157461162927 0.007371486554379712 -1.6460814687165395 0.0048712013281327834 0.9996251003090711 -0.026943092430110713 -1.3655887509083489 -0.007242786729839803 0.026977974054864556 0.9996097893459627 160.97695784739153
0.9999560217484028 -0.0047074377096413675 0.00811138701554618 -1.6442268604481867 0.004926922823021257 0.9996163767767497 -0.02725481079032248 -1.3955291904724627 -0.007979974975030762 0.02729357634920955 0.9995956085785225 162.11425870615955
0.999956119951751 -0.004824359091501678 0.008030176236799948 -1.6401077413749647 0.005042498985342313 0.9996126482606055 -0.027370177957014796 -1.422971028376149 -0.007895022167204058 0.027409469107811626 0.9995931120351952 163.26298964157985
0.9999624658533559 -0.005056259802246539 0.007035703325668592 -1.6368136329056582 0.00524750766445573 0.9996098190742881 -0.02743489153572577 -1.4495032713507865 -0.006894240189180885 0.027470781697609963 0.9995988323348198 164.38722367691065
0.9999667182097612 -0.005234561571255695 0.006257941990397923 -1.6351556185745606 0.005404363601571901 0.9996090596285406 -0.027432111887411275 -1.4752312000751822 -0.0061119004295274145 0.02746501909153127 0.9996040803235252 165.5269406029785
0.9999703305588812 -0.005426425535591443 0.00546734925417385 -1.636322194276283 0.005574796473903227 0.9996063098140476 -0.027498127649231183 -1.4992492311480234 -0.005315980270372583 0.027527791154495763 0.9996069032714404 166.65477302176998
0.9999702381122556 -0.005478913351056158 0.00543179511849618 -1.637791518563699 0.005626842095616928 0.9996031180021 -0.027603353573569335 -1.5254777553312449 -0.005278402954369233 0.027633095899086406 0.999604196906597 167.76809879143332
0.9999707425542924 -0.005466949830193171 0.005350373348648831 -1.6452242693411652 0.005613341121445561 0.9995994234340679 -0.027739557886340263 -1.550866242341828 -0.005196579343190031 0.027768779768464487 0.9996008655625003 168.88579828383484
0.9999712341936082 -0.005555597465705199 0.0051639250681908486 -1.6514557261738472 0.005697704338189773 0.9995937986857117 -0.027924430062931053 -1.5755211007998802 -0.0050066905821524 0.027953049312445355 0.999596698715812 170.01230274440255
0.9999725107575855 -0.005684726616461261 0.004760421458799379 -1.65359489233821 0.005816138221645928 0.9995892658314439 -0.028061934550881653 -1.6033390669317409 -0.00459894176479875 0.02808885041875781 0.9995948510355562 171.12543823434967
0.9999730442739765 -0.005710975122731162 0.004614703520505736 -1.6555776263941933 0.0058392921252513755 0.9995827478794758 -0.02828838647198965 -1.6361001198046419 -0.004451223754272497 0.02831457053992191 0.9995891514528498 172.25278947820357
0.9999744395514715 -0.005794555051459309 0.004188481285009317 -1.6578581224435147 0.005911441784373941 0.999577594351488 -0.028455012326798684 -1.6668032984527927 -0.004021827911438274 0.028479044967201984 0.9995862988746924 173.38340185230135
0.999975117401558 -0.005802809498139355 0.004011480981793598 -1.6600857054815412 0.005915287109411349 0.9995728579701232 -0.02862011509147269 -1.6971861381138968 -0.0038436904339736026 0.028643132010382738 0.9995823112843097 174.53448873714547
0.9999776444140793 -0.0058098031436454025 0.003310114726078277 -1.6570959590460124 0.005902326325691384 0.9995716900898705 -0.028663546794160052 -1.7244534735734498 -0.0031421674068647116 0.028682443381065677 0.9995836354331129 175.65553038159888
0.9999797907688247 -0.005915108474188091 0.002330138552685852 -1.657557582927021 0.005979530024977104 0.9995706086560245 -0.028685249374913423 -1.7523966296102649 -0.0021594616496993313 0.028698602801515607 0.9995857776712429 176.77328567163892
0.9999806734554062 -0.00602607134661568 0.0015294377386778223 -1.6604887645179112 0.0060675537239542115 0.9995683085487913 -0.028746849161449952 -1.7805410960834054 -0.0013555469294435954 0.02875557352983455 0.9995855538589439 177.89591635966775
0.9999809694021231 -0.006031885180293794 0.0012950655430142334 -1.664825773408891 0.006066646734782688 0.9995677772075938 -0.028765510001755278 -1.8052223059392836 -0.0011209955326857146 0.028772819282049545 0.999585348151711 179.01984220493415
0.9999811637250119 -0.006047368686345722 0.0010495366317170688 -1.6685470294593363 0.006075142672962886 0.9995649847423679 -0.028860594562285572 -1.8344791677243477 -0.0008745494114435544 0.028866427020968238 0.9995828952890146 180.15741133871447
0.9999813084677925 -0.006015492075636384 0.0010938784798667693 -1.675987491021703 0.006044657792545517 0.999562073054562 -0.028967640964241422 -1.8642578593216124 -0.0009191448263351383 0.028973711635724764 0.9995797512989332 181.3132545121318
0.9999814799589642 -0.005989729888137401 0.001078366795581718 -1.6829816156341535 0.006018595480474855 0.9995577799012502 -0.029120802655867147 -1.8952245188094903 -0.0009034641780765001 0.029126753590929127 0.9995753178113849 182.4751513815265
0.9999808893083334 -0.006084968133200719 0.0010927858581330878 -1.6900349115791302 0.006114322522110468 0.9995537163884324 -0.029240094291306043 -1.9291016993712515 -0.00091437312373928 0.029246217138063944 0.9995718196832595 183.6350087938738
0.999980929882254 -0.006103914288150327 0.0009392029517629451 -1.697905093643176 0.006128806154659279 0.9995521945944038 -0.02928904260342944 -1.9592549283954943 -0.0007600045659708882 0.029294240250769543 0.9995705427238183 184.7803510166496
0.999981300427027 -0.0060722101640588 0.0007259889766327386 -1.7041727309998491 0.006090914727078855 0.9995500208666996 -0.02937101535806662 -1.989807349006606 -0.000547315318756279 0.029374888069571094 0.9995683150224605 185.92917457803327
0.9999814084395781 -0.006069065803211772 0.0005909445600038452 -1.7117364879167503 0.006083853519492017 0.9995465886607213 -0.02948904581474398 -2.022323041552152 -0.0004117056595158568 0.029492092787508112 0.9995649288372725 187.08399044798423
0.9999816321959909 -0.006047662449793824 0.000401309773394172 -1.716385324773499 0.006056894004410814 0.9995431454247485 -0.029611053162882834 -2.057535999539739 -0.0002220487788760986 0.029612939963622194 0.9995614160625895 188.2465148073114
0.9999817067574455 -0.006046308439684668 0.0001682400599768075 -1.721511037524297 0.006048637959143741 0.9995407595660232 -0.02969316327056748 -2.090138679744012 1.1371226345105863e-05 0.02969363770954255 0.999559046655208 189.41298789522443
0.9999812142957287 -0.006124981368514049 -0.00023592133075943307 -1.7283062692115578 0.0061152578329047285 0.9995390852602554 -0.02973584804112283 -2.1217923945294985 0.00041794410636949937 0.02973384671250937 0.9995577640548842 190.57546767035126
0.9999801070296437 -0.006279931619425694 -0.0005899184998533226 -1.7375557562704198 0.006259622541098146 0.9995385075822496 -0.029725224740743236 -2.1555192899984137 0.0007763186356824698 0.029720940750589515 0.9995579337938719 191.736751263861
0.9999792388875344 -0.006413755640034474 -0.000620912631902035 -1.7463084971942373 0.006392404183765632 0.9995353891602498 -0.029801727886404266 -2.1870544491752653 0.0008117651494769052 0.02979714004487399 0.999555637012011 192.8727548721563
0.9999785458286993 -0.006476120249343726 -0.0009837422606563287 -1.7568994256114148 0.006443873848515697 0.9995336284387132 -0.029849658456348484 -2.2155281905169257 0.0011765934488074676 0.029842678945635533 0.9995539155749442 194.0262706131488
0.9999774505417763 -0.006553242343698472 -0.0014674545149106375 -1.7629406105898697 0.006506474672808407 0.9995322803303801 -0.029881204207299613 -2.24363532945419 0.0016625869302617112 0.02987098244669887 0.9995523799243173 195.18629585778584
0.9999764558557106 -0.006527924873942606 -0.00211516691813367 -1.773747118386813 0.0064616646138120825 0.9995305332151435 -0.029949291495208943 -2.273958705991162 0.002309680642429706 0.02993491886554137 0.9995491813852092 196.34666992259014
0.9999753547934608 -0.006573225915338448 -0.002466273861040733 -1.7863067411714222 0.006495886703762359 0.9995241175241447 -0.03015529710526583 -2.309612859028904 0.002663317784946663 0.03013853328615861 0.9995421829766535 197.51702078642003
0.9999724123327335 -0.006672224071060878 -0.0032643528300135027 -1.8016924836250978 0.006570437202580311 0.9995205597334166 -0.030256900455269464 -2.3429221126771607 0.003464668587355797 0.030234617512690482 0.9995368247220507 198.71599973086504
0.9999718445523442 -0.006750481418850883 -0.003277362231377803 -1.8157723423385301 0.006647962788551223 0.999517408511095 -0.03034393965888772 -2.376698019163701 0.0034806168051009314 0.03032129752952414 0.9995341436002978 199.88445540136706
0.9999692492802832 -0.006773030181584119 -0.003953043888663761 -1.8270004623604381 0.006648891561782947 0.9995091659362284 -0.030614040087187426 -2.414425490140503 0.004158453417558365 0.030586815323266577 0.9995234634532363 201.0913518788576
0.9999668694222248 -0.006787246459459295 -0.00449370041427999 -1.8407065788535553 0.006645545838799005 0.9995025259600174 -0.030830785264806343 -2.449938960532859 0.004700721053111331 0.03079990073098829 0.999514516821312 202.28648280194835
0.9999645746615992 -0.0067647178441601966 -0.005008793700611014 -1.8547132938052466 0.006605430042033492 0.9994924914953336 -0.03116292249461736 -2.488787490998588 0.005217060073085353 0.031128733301158028 0.999501768006069 203.4616948031445
0.9999631964717137 -0.006813680749587508 -0.005213392054602748 -1.8730821706469396 0.006645373242936391 0.9994770140059975 -0.03164707708639675 -2.5302211414598044 0.00542629860350124 0.031611267426235386 0.9994855091771824 204.6888456874176
0.9999603180450723 -0.0068178725742416325 -0.0057340168083402565 -1.892423972832265 0.006629966313932748 0.9994602743930879 -0.03217457780242709 -2.5736635705331623 0.0059502841842253035 0.03213528471399807 0.9994658161210297 205.92253877408157
0.9999619002605442 -0.006740379855893392 -0.005546648241858483 -1.9170692538724317 0.006554805088334378 0.9994397417804713 -0.032821290042196326 -2.619523963448418 0.005764768648835001 0.03278368236147815 0.9994458452628866 207.1481125169103
0.9999653989699396 -0.006604698116164213 -0.0050575513524901425 -1.9398231963803303 0.006431867174422466 0.9994194063378466 -0.03345865089856526 -2.666953165323329 0.0052755992587880185 0.03342496369625268 0.9994273059379374 208.3807861664771
0.9999684464800578 -0.006507583412719652 -0.004556029234482295 -1.9616968870079097 0.006350003429836172 0.9994088900793933 -0.03378680048053207 -2.706596691847784 0.0047732065427791934 0.0337568035867839 0.9994186783880427 209.5997396763293
0.9999699098294452 -0.006487816082521895 -0.004252961106046937 -1.9852758652975766 0.00633848556460706 0.9993938051151464 -0.03423223478259869 -2.748449442930337 0.0044724754261421746 0.03420424739623807 0.9994048561136863 210.80399075860825
0.9999742994031756 -0.006423479655376165 -0.0031842490863655845 -2.0035306062138645 0.0063092262450642755 0.9993786141740866 -0.03467822365211099 -2.7956150845681655 0.003405025303231051 0.03465724225315978 0.9993934567336775 212.03445934643443
0.9999785392188919 -0.006281076428173629 -0.0018625736371225801 -2.022073077725873 0.006211553018556723 0.9993596242189317 -0.03523858808307584 -2.8476528419262426 0.0020827171550456274 0.03522626236055246 0.9993771924200373 213.24486069101764
0.999980583400932 -0.006219652228236285 -0.0003856777031666723 -2.038952349533787 0.006201860263703859 0.9993398202637654 -0.03579749382917077 -2.896063647749811 0.0006080710488221869 0.035794406844363566 0.9993589898971532 214.4509517511259
0.9999806219771511 -0.006083909017029025 0.0013197428772149804 -2.056998721277314 0.0061279985813603695 0.9993159117408179 -0.03647130618719312 -2.947075215637502 -0.0010969519480324651 0.03647868682786781 0.9993338291600744 215.70917766928972
0.9999792065250812 -0.0058235561188952996 0.0027699659922703597 -2.0704150448859138 0.005922254554211893 0.9992951582333571 -0.037069038729915765 -2.9918773430426264 -0.00255213997722968 0.037084672379501395 0.9993088679962969 216.95680417110145
0.9999756876951763 -0.005733286452585556 0.00396906097344439 -2.0878835507847913 0.005878273410488806 0.9992779778432613 -0.037536234483352096 -3.034638459555896 -0.0037509892388356628 0.0375586531165622 0.9992873849177716 218.17518530596791
0.9999709073247075 -0.0056823290266793626 0.005088775985725225 -2.099349894463226 0.00587035630035846 0.9992707198073674 -0.03773019285092204 -3.0782958664058118 -0.0048706694721751135 0.03775896810684161 0.9992750056447914 219.39079888833723
0.9999630888158267 -0.005658915788777088 0.006465112373781591 -2.1111303717751384 0.005900345219274667 0.9992620028277809 -0.03795570617048539 -3.1219170513125944 -0.006245552994209349 0.037992451575311205 0.9992585084406802 220.60810990391735
0.9999563868340245 -0.0055901899446577 0.007481591155921248 -2.119676864674996 0.005871803484664821 0.9992542428896288 -0.03816385712826897 -3.1652894830350586 -0.007262668495752061 0.03820612311465393 0.9992434867452815 221.85185989707435
0.9999488805354774 -0.005628125974183584 0.008400030587055345 -2.118045075982009 0.00594702439535789 0.999243417627694 -0.038434687829636736 -3.212934047163957 -0.008177360007102766 0.03848267825579873 0.9992258074417284 223.0598364185035
0.9999449944125236 -0.00570324931745482 0.008802334722113968 -2.1171839149139786 0.0060393291821972455 0.9992349964933067 -0.03863868897938134 -3.2622615853779324 -0.008575234828635493 0.03868972383255342 0.9992144767853364 224.31873446663897
0.9999393191647376 -0.005835006900163895 0.00934401855922926 -2.117391451093506 0.0061930370641609155 0.9992294556271687 -0.0387574676539767 -3.3099377498415024 -0.009110668487115019 0.03881298367173229 0.9992049579631873 225.57617397584883
0.9999364003189525 -0.005893955250611964 0.009615435958849635 -2.113261032544597 0.006264044562702966 0.9992225314310923 -0.038924213879679044 -3.3566518783506782 -0.009378542684843248 0.038981969831427286 0.9991959011951407 226.83147729671725
0.9999415862136962 -0.005894015905635716 0.009060062744866886 -2.1119634664486306 0.006244449790509993 0.9992138271693038 -0.03915015249626902 -3.4019794158305645 -0.008822188348171434 0.039204440694536484 0.9991922641927214 228.08659281582754
0.9999447204368868 -0.005817062378676652 0.008758872968513588 -2.1123514929693847 0.006157975016745479 0.9992040816055342 -0.039411706973041825 -3.4559494077953867 -0.008522641262490886 0.03946346523201372 0.9991846673652433 229.32847652883726
0.9999490666722075 -0.005901291533195784 0.008187723714252138 -2.109967368783736 0.0062219800588284935 0.9991918444539202 -0.03971076605802524 -3.511700847311507 -0.007946761952407792 0.039759687310237934 0.9991776700064224 230.58183897694767
0.9999520420231793 -0.005760612029158455 0.007920164311596868 -2.110522629455514 0.006072930503987185 0.9991815509270917 -0.03999184669429469 -3.5632723889999354 -0.007683304547323384 0.04003802737368234 0.999168615997949 231.81951792054633
0.9999566270648275 -0.005612865226965578 0.007432343713594239 -2.11057777300003 0.005906923994320101 0.9991761041635435 -0.04015247336694942 -3.6087236419293354 -0.00720084981501552 0.040194634125740876 0.9991659217314404 233.0510746853526
0.9999635335943694 -0.0054934917663192855 0.006538580096279974 -2.105926934155015 0.005752048831658748 0.9991749184820888 -0.04020443023528585 -3.6509085410327993 -0.006312322528222085 0.040240574356228215 0.9991700809971144 234.28793247705826
0.9999696234118424 -0.005532882034594825 0.005489942619820567 -2.1011549089788324 0.005748492877615782 0.9991804204175778 -0.04006797079692462 -3.6873232110393617 -0.00526375181915575 0.04009831256472593 0.9991818744584229 235.51401347695324
0.9999756486429395 -0.005601345278250464 0.004162577591570715 -2.0963357547098296 0.00576289496706433 0.999188314944641 -0.03986853796770471 -3.7182265570994795 -0.003935881442651741 0.03989155561215362 0.9991962633177285 236.7240681757752
0.9999737495904693 -0.005566143950885137 0.004638768316622706 -2.0961892856938427 0.0057455703113791405 0.9991987501347834 -0.039608662573711755 -3.7511522627710474 -0.004414583986546955 0.03963427519961954 0.9992045014298254 237.93397602238332
0.9999687496947458 -0.005566619383022882 0.005613589098872139 -2.089743737014495 0.005783854878379635 0.999204621625527 -0.03945467202914904 -3.790511862294021 -0.00538949502943148 0.03948590724329911 0.9992055926947672 239.1220244448059
0.9999663231249619 -0.005661269807460658 0.0059416024867870966 -2.076421476718665 0.005890689059895636 0.9992088009830836 -0.0393328338712413 -3.8286429802561877 -0.0057142277119035505 0.03936650939707725 0.9992084995332786 240.3113506167023
0.9999658476682122 -0.005695117564880788 0.0059890844972910655 -2.068027767002247 0.005925196517080332 0.9992166591894336 -0.03912748451582073 -3.862913636048414 -0.005761557378650787 0.039161634723591326 0.9992162783013235 241.53582887910775
0.9999625606556675 -0.0058483685472320215 0.006377607097942918 -2.0649466251470217 0.0060926499010846916 0.9992213685054394 -0.03898123060261191 -3.899150877292995 -0.006144664689207846 0.039018627698151266 0.9992195903746133 242.7675718715025
0.999961744304366 -0.00607434278456395 0.00629382931964682 -2.0599138446601724 0.0063141822164620096 0.9992264539064147 -0.038815266539637225 -3.9342104148805044 -0.006053183518326977 0.03885352201977804 0.9992265823105146 243.96267469941847
0.9999722431090456 -0.006150376746169884 0.004205458042031436 -2.052888490345005 0.0063082356574075595 0.9992342537232678 -0.03861492391535638 -3.9629241858272057 -0.003964741398089697 0.03864038110550048 0.9992453161129491 245.11407894926998
0.9999784931063771 -0.0062768948687609676 0.0019010301168356672 -2.0486996629144882 0.006345303364192914 0.999241642301058 -0.03841715003347365 -3.9912076892476325 -0.0016584480440931344 0.03842838641271033 0.9992599805194842 246.2675333374354
0.9999790696895419 -0.006297743893238156 0.0014827692648145816 -2.045475775054524 0.006349786875986166 0.9992501854155602 -0.038193548586008035 -4.021552356068717 -0.0012411242754258576 0.03820216445199643 0.999269260130479 247.43901503830566
0.9999785645609118 -0.0063035905140711905 0.001770639807552728 -2.045674005531831 0.0063663493486047764 0.9992569937730476 -0.03801223476219847 -4.05470641974997 -0.001529710648684406 0.03802269246484102 0.9992757051199906 248.63676420989663
0.9999786873857192 -0.0063300853405590315 0.0015983722702725867 -2.0456478679229066 0.006386121051504645 0.9992611753781537 -0.03789882372553844 -4.091024435486835 -0.0013572885649949919 0.03790822340132998 0.9992803032014117 249.81926559369063
0.9999787848072123 -0.006378775481394788 0.0013195297829123834 -2.044785374456568 0.006424063549964993 0.9992659367544868 -0.037766639374941714 -4.127855656604642 -0.00107765625133785 0.037774314891587904 0.9992857147940594 251.00653551547651
0.9999785687340172 -0.006462527402629124 0.0010477653533416354 -2.0468142638442757 0.006497410588423008 0.9992692034669824 -0.0376675279000482 -4.165484612720744 -0.0008035722188106575 0.03767352839893982 0.9992897775568719 252.173577174162
0.9999783406762134 -0.006536289186602377 0.0007714286195213301 -2.046761583913412 0.006560689521850523 0.9992702373040826 -0.03762911361211248 -4.203841118613003 -0.0005249108912879748 0.03763335969461787 0.9992914763504442 253.33415222645462
0.9999780501501166 -0.006608922112663276 0.00047049599224692907 -2.047828181706526 0.006621925826755138 0.9992732853283627 -0.037537332449157565 -4.238712099242686 -0.00022207276943280303 0.037539624099907694 0.9992951152217855 254.5212812955255
0.9999780322458214 -0.006622705672129341 0.00027348739432502336 -2.053513456942139 0.00662830008842774 0.9992793049199696 -0.037375612323991204 -4.272712332785118 -2.5762613568095015e-05 0.03737660402224735 0.9993012502784386 255.71152587018094
0.9999774584351524 -0.006685465635704644 0.0006222305089484164 -2.0588258104113613 0.006703998618691298 0.999284091718364 -0.03723386148545195 -4.304931898325471 -0.00037285934752841497 0.037237193608421204 0.9993063856435997 256.884883367239
0.999976808165582 -0.006734504432413798 0.0010146827208873355 -2.0650182844435996 0.006767517068235442 0.9992885647969797 -0.037102088603156086 -4.338509193989367 -0.0007640966597300544 0.03710809502029304 0.999310965335745 258.0648669195571
0.9999757162286846 -0.006865255679799079 0.0011980055840899004 -2.069698078061324 0.00690483387928038 0.9992934108592096 -0.03694593729301264 -4.3677428110099585 -0.0009435157805072398 0.03695331213586492 0.9993165476965546 259.2614216337944
0.9999751399779467 -0.006969210622191836 0.0010721610832936665 -2.0781796603507594 0.0070039886082918 0.999296298444822 -0.036849044194455234 -4.40262114901209 -0.0008145978516543563 0.03685563753041751 0.999320268188615 260.4527416549584
0.9999737167039044 -0.007148737434995237 0.001208906308969397 -2.0830527781051686 0.00718830008629847 0.9993001802395828 -0.03670801159146988 -4.4381037381138935 -0.0009456443558177265 0.03671573676525719 0.9993253026069817 261.646858794318
0.9999738018051608 -0.007164744121228778 0.0010306041960754116 -2.092616550154598 0.0071977940515321635 0.9992979819922786 -0.03676594819862759 -4.469068958909415 -0.000766462082153433 0.0367724030739052 0.9993233725416643 262.8538503703326
0.9999729108380102 -0.007360514000162784 -2.058662123613931e-05 -2.099053895430325 0.007354824402984766 0.9993023532620274 -0.03661575238839359 -4.504188465271978 0.0002900830171282385 0.036614609087361485 0.999329418286694 264.0232563994095
0.9999716155142278 -0.007425790158288876 -0.0012750711310026146 -2.0968809446295498 0.0073743935104135 0.9993084344822336 -0.03644545366728019 -4.536091682259367 0.0015448256269325663 0.03643501630554529 0.9993348303249499 265.1912576258359
0.9999701837771684 -0.007402641992666641 -0.002198283007909905 -2.0923134825059435 0.007318210689566223 0.999317455588659 -0.03620865570694928 -4.568969053894747 0.0024648222973625753 0.03619148860339507 0.9993418338104896 266.3781265215678
0.9999672944567918 -0.007387810287334886 -0.0032909384559406617 -2.089239502011351 0.007264984236085135 0.9993293677441533 -0.03588920127438256 -4.596318125967076 0.003553874056839216 0.03586411888255519 0.9993503564596179 267.56519553197296
0.9999638109034422 -0.007348949639786338 -0.004286003109549615 -2.1001885549231063 0.007190638715686144 0.9993312826920759 -0.03585083189918143 -4.620484039380542 0.004546602943259976 0.03581871539006903 0.9993479614375971 268.80000976878523
0.999951318304846 -0.007414245828622484 -0.00651075872626721 -2.107664729370669 0.007177161344566818 0.9993363441391344 -0.03571217772211733 -4.651054589635162 0.006771216687787086 0.03566371042691416 0.9993409079904373 269.9584714460949
0.9999369794482387 -0.00741509192151735 -0.008429326410005591 -2.115711159048916 0.007111830744713008 0.9993459771238764 -0.035454758069631664 -4.68070696876581 0.00868671372784463 0.0353925757484956 0.999335732667704 271.1168206937286
0.9999244410939638 -0.007490457369789552 -0.009747058598028914 -2.1300234376362805 0.00714248114017919 0.999352699660639 -0.03525856837916084 -4.711936866928918 0.010004852127054573 0.03518628609809702 0.9993306901144076 272.28418357104545
0.9999143931417768 -0.00767949897519534 -0.01059394560115609 -2.1507985398359044 0.0073039892463282975 0.9993592124265097 -0.035040209464970024 -4.743913137688578 0.01085624838513753 0.034959831717979166 0.9993297514020335 273.47861534547945
0.9999064026769309 -0.007738190204458776 -0.011283009263351117 -2.16461789136472 0.007340849616506746 0.9993658782672424 -0.034841832357726726 -4.774747140120683 0.011545467187822305 0.034755744381263255 0.9993291451868691 274.65104556586147
0.9998988028897328 -0.00783928250510701 -0.011871378583899247 -2.1831530904548946 0.0074246133727283205 0.9993743434061716 -0.03458029580182495 -4.804110522430463 0.0121350358855111 0.03448865597963082 0.9993314132522682 275.85211260226004
0.9998951297474707 -0.0078234093033908 -0.012187033033433374 -2.2005975349149103 0.007399628499234415 0.9993794287689742 -0.03443839211497466 -4.834076670075411 0.012448895748607412 0.03434460103514149 0.9993325139183539 277.04804494420245
0.9998935030812999 -0.007921065092485345 -0.012257211085917506 -2.221720207215138 0.007497099856231758 0.9993849463746899 -0.0342567139900576 -4.863056444049374 0.012521021905172855 0.034161172220102766 0.9993378999732765 278.23614756243194
0.99988826580595 -0.008015209779405225 -0.01261793627181452 -2.2425622188458303 0.0075794214598625415 0.9993857830942123 -0.034214162557255304 -4.891967202375482 0.01288441981236333 0.03411470300841904 0.9993348681822054 279.4206227128015
0.9998863569721135 -0.008134956612691627 -0.012692345013527956 -2.2689337351067063 0.0076987517393802 0.9993906168327259 -0.034045913240084075 -4.920649150719662 0.012961572539171061 0.03394432894616653 0.9993396720683643 280.65063173760944
0.9998854570344544 -0.008062782797114122 -0.01280876046166072 -2.2945146994268963 0.007618615260520481 0.9993806494090102 -0.034355120263642666 -4.955276987136585 0.013077825220953469 0.03425360010836436 0.9993276046257834 281.8840433936719
0.9998766460555764 -0.008193603330280356 -0.013399908100993712 -2.318078477150204 0.007729906446155368 0.999381770027141 -0.03429761338263178 -4.987148200937028 0.013672644915404765 0.03418980260072888 0.9993218281310281 283.0977848357845
0.9998709499955719 -0.008260865396515635 -0.013778296623696071 -2.3401684144490433 0.007783671762947293 0.9993800710706162 -0.034334938485007856 -5.021888618805498 0.01405339136424375 0.034223261822672886 0.9993154009327484 284.31871297628135
0.9998642565244141 -0.008356691594974758 -0.014199796845884552 -2.3660599063159413 0.007865713847376617 0.999381063035966 -0.03428733571985712 -5.055639443622319 0.014477536756959116 0.03417098989905725 0.9993111349218364 285.5265838234799
0.9998632460577195 -0.00852696229252293 -0.01416968937484546 -2.3931660625919933 0.008036461268442046 0.9993785892871384 -0.034319827574195945 -5.09745653401718 0.014453528053681114 0.03420126004262991 0.9993104469274288 286.74979476874086
0.9998634154995176 -0.0085832937397846 -0.014123647340990248 -2.4290402916886604 0.0080938778889455 0.9993770239037646 -0.03435190291622501 -5.137011526667212 0.014409701119555722 0.0342328959018 0.9993099966235808 287.96514983448776
0.9998575427000221 -0.008417586401642195 -0.014630056221400177 -2.4727500653337287 0.007908979608800019 0.9993740454915264 -0.034481375254482444 -5.1789161397008385 0.014911148427201273 0.03436075431453345 0.9992982518825486 289.1912320052247
0.9998534865832959 -0.00845663360565934 -0.014882564136719439 -2.513910687289367 0.00793443350319963 0.999362659864661 -0.03480400599364275 -5.219046755540668 0.015167403607975813 0.034680822024309665 0.9992833384238476 290.3938212773919
0.9998544031958569 -0.008567696821743664 -0.014756929932211983 -2.550250163337291 0.008049099912828503 0.9993601222049576 -0.034850511288613495 -5.252421914996704 0.015046075915229013 0.034726657162116085 0.9992835808127226 291.63477716514603
0.9998590861481125 -0.008634196317281373 -0.014396475298251275 -2.577174653606775 0.008123422501342136 0.9993484052518569 -0.03516781095586353 -5.291227437698429 0.014690740414397179 0.035045906672781395 0.9992777224433449 292.8433028555514
0.9998589387449975 -0.008711906984805444 -0.01435984987430442 -2.6007145517991686 0.00819808451464196 0.9993374541534192 -0.03546045877376178 -5.332921888080946 0.014659264033888269 0.03533773341405701 0.9992679073077154 294.0639552867132
0.9998617596241194 -0.008861965393729378 -0.014068660587183576 -2.630573917164102 0.008355359919364265 0.9993287380971958 -0.03566877028545128 -5.3736788260179775 0.014375312239214521 0.035546290698450465 0.9992646354272753 295.29433743346584
0.9998662926301078 -0.009158709638153698 -0.013546767137758134 -2.663141599666268 0.008665297773690739 0.9993126469861783 -0.03604367056728928 -5.420314793895223 0.013867569239557573 0.03592146449177689 0.999258394466692 296.5426472718897
0.9998603200124433 -0.009457368457738325 -0.013780371782585865 -2.685220025679604 0.008952665069152054 0.9993031118936022 -0.03623727842863965 -5.472340226992401 0.014113477699394188 0.036108845752941716 0.99924819789961 297.74644028130007
0.9998566832088578 -0.009659466139689167 -0.013903515975285408 -2.72484184016407 0.009149691669117575 0.9993000256845704 -0.036273155489554045 -5.518295608188014 0.01424416318843962 0.03614074405301412 0.9992451903483722 298.97211730449266
0.9998552998292581 -0.0095896271378263 -0.014050567771394955 -2.759331515804068 0.009070011480517374 0.9992891969255897 -0.03659010521364504 -5.562997976409441 0.014391466050558578 0.03645737180817879 0.9992315776364129 300.2086086931353
0.9998599620072289 -0.009652339862546957 -0.013670724562992358 -2.785074217304509 0.009143510554472281 0.9992805954973832 -0.03680608206706361 -5.605671792194104 0.014016154595307853 0.03667592940288014 0.9992289145199883 301.4350827858073
0.9998585525839778 -0.009652705792223125 -0.01377316577836104 -2.8145574816858994 0.009137912382848215 0.9992748839889959 -0.03696220753762267 -5.6494779641375965 0.01411996395012475 0.03683112134675887 0.9992217447185516 302.6893187079471
0.999861119068523 -0.009800688031848198 -0.013479209514635332 -2.8391612537262283 0.009296358825323885 0.9992726794273469 -0.03698229120367678 -5.694673162895104 0.013831857707042485 0.03685184750029647 0.999225010219513 303.9253629402513
0.9998577143441337 -0.009937381030258208 -0.013630829937328625 -2.8699158722777613 0.009424904804499003 0.9992649078930972 -0.037159319461177495 -5.740418593346057 0.013990076338142022 0.037025562948470765 0.9992163857005152 305.1720308751764
0.9998603802816814 -0.009932401947496642 -0.01343753454027705 -2.895855692178207 0.00942485784633489 0.9992588918120687 -0.037320760832069574 -5.784730898977971 0.013798260670974198 0.037188903265107424 0.9992129870434998 306.4042221831684
